/////////////////////////////////////////////////////////////////////////////
/// sfz definition file 
/// copyright rgc:audio 2004
/// -------------------------------------------------------------------------
/// eg tests

<region>
sample=..\[ samples ]\440.wav 
loopstart=12629 loopend=56728 loopmode=loop_continuous
ampeg_release=40

/------------------------------------------------------------------------------
eg01_points=10 eg01_loop=3 eg01_loop_shape=002.00000 eg01_sustain=6

eg01_time00=000.00000    eg01_level00=0.00000    eg01_shape00=002.00000
eg01_time01=000.20250    eg01_level01=0.86000    eg01_shape01=002.00000
eg01_time02=000.07500    eg01_level02=0.15000    eg01_shape02=002.00000
eg01_time03=000.17000    eg01_level03=0.53000    eg01_shape03=002.00000
eg01_time04=000.76250    eg01_level04=0.54000    eg01_shape04=002.00000
eg01_time05=000.78250    eg01_level05=0.78000    eg01_shape05=002.00000
eg01_time06=001.03750    eg01_level06=0.28000    eg01_shape06=002.00000
eg01_time07=001.22250    eg01_level07=0.23000    eg01_shape07=002.00000
eg01_time08=001.58750    eg01_level08=0.80000    eg01_shape08=002.00000
eg01_time09=002.35000    eg01_level09=0.00000    eg01_shape09=002.00000
/------------------------------------------------------------------------------








eg01_pitch=2400